4
126
486
816
623
313
589
317
369
987
916
518
199
398
10
282
521
137
949
393
747
163
54
244
550
142
224
259
943
340
775
181
982
21
821
405
288
418
926
941
985
56
535
993
673
844
406
680
400
190
319
814
868
781
144
242
569
79
330
748
885
980
281
820
723
954
891
964
900
754
479
872
989
640
530
669
109
692
416
43
827
378
671
507
471
322
991
674
284
485
474
633
642
878
833
26
24
138
376
501
69
857
522
639
298
325
389
176
73
249
463
661
861
269
17
556
852
744
188
318
368
529
734
225
574
285
880
940
801
237
547
295
23
952
636
800
248
348
533
437
460
694
953
456
421
803
847
741
864
689
966
600
396
13
66
913
882
134
919
337
82
818
806
753
303
373
729
858
893
230
462
422
565
957
29
301
687
228
738
596
67
467
523
686
595
578
889
478
132
534
59
667
465
191
290
384
420
382
216
335
429
113
106
149
679
567
887
855
362
688
287
347
696
349
644
977
158
830
785
652
576
302
95
232
85
170
499
153
690
822
152
506
186
892
782
867
110
208
865
93
559
512
30
924
546
592
202
344
205
447
136
308
76
691
513
805
897
487
386
649
624
448
305
41
12
276
668
713
192
998
491
780
584
960
925
766
548
459
622
922
543
722
388
129
435
385
245
162
912
265
309
563
146
83
45
436
263
415
374
515
714
116
758
715
995
164
579
2
807
234
426
210
33
403
254
227
981
397
787
828
55
554
72
850
353
497
468
974
888
544
923
311
749
167
493
481
297
802
339
770
934
25
226
911
310
80
201
428
720
494
756
635
89
856
8
575
838
538
444
165
433
665
757
338
972
380
776
304
718
944
973
99
848
124
542
528
57
253
555
745
549
267
751
321
187
736
495
0
561
101
792
223
22
175
826
903
945
771
862
899
266
978
519
65
251
105
3
112
728
917
458
490
387
586
151
812
750
648
417
921
724
274
198
935
647
155
78
685
587
34
760
464
331
360
68
367
75
213
381
894
784
531
992
377
47
968
794
273
866
94
711
851
63
725
726
732
607
701
127
271
275
5
959
332
363
40
764
203
414
817
147
583
432
527
643
558
799
453
31
327
946
159
20
390
103
727
52
247
70
641
813
157
475
179
739
869
742
601
811
929
731
632
86
424
345
628
774
881
976
904
173
551
901
222
791
128
314
7
797
516
357
870
810
19
454
434
292
746
938
842
455
695
769
141
180
197
508
626
419
131
379
92
104
699
383
283
336
585
278
677
552
999
795
122
264
837
231
710
606
914
469
445
346
450
407
615
678
951
876
663
898
35
910
97
909
984
854
963
712
135
890
257
392
843
215
683
603
206
597
681
286
96
704
482
908
492
656
796
605
241
511
708
358
473
743
627
452
160
394
860
39
514
268
341
930
307
102
768
334
505
279
619
119
902
883
395
645
15
240
457
655
906
371
853
834
356
700
517
672
299
611
654
91
625
239
537
243
879
315
261
873
476
488
504
536
399
682
466
427
637
540
570
270
169
182
572
46
328
907
77
927
676
591
410
581
212
608
874
218
200
364
37
612
580
100
896
788
630
762
238
51
441
703
684
71
294
293
532
430
721
355
705
64
361
823
440
877
840
161
409
967
790
525
937
779
658
326
955
252
90
449
958
18
484
411
366
461
166
651
524
496
140
413
118
171
520
526
365
778
53
402
996
931
154
229
211
250
217
145
735
614
74
670
62
772
740
209
662
777
573
845
88
272
372
737
819
653
477
258
150
42
115
84
560
613
352
439
28
207
220
763
809
783
997
936
509
329
659
829
260
765
483
859
503